10.000000,10.000000
10.000177,10.000177
10.000707,10.000707
10.001591,10.001591
10.002828,10.002828
10.004419,10.004419
10.006364,10.006364
10.008662,10.008662
10.011314,10.011314
10.014319,10.014319
10.017678,10.017678
10.021390,10.021390
10.025456,10.025456
10.029875,10.029875
10.034648,10.034648
10.039775,10.039775
10.045255,10.045255
10.051088,10.051088
10.057276,10.057276
10.063816,10.063816
10.070711,10.070711
10.077959,10.077959
10.085560,10.085560
10.093515,10.093515
10.101823,10.101823
10.110485,10.110485
10.119501,10.119501
10.128870,10.128870
10.138593,10.138593
10.148669,10.148669
10.159099,10.159099
10.169882,10.169882
10.181019,10.181019
10.192510,10.192510
10.204354,10.204354
10.216551,10.216551
10.229103,10.229103
10.242007,10.242007
10.255266,10.255266
10.268877,10.268877
10.282843,10.282843
10.297162,10.297162
10.311834,10.311834
10.326860,10.326860
10.342240,10.342240
10.357973,10.357973
10.374059,10.374059
10.390500,10.390500
10.407294,10.407294
10.424441,10.424441
10.441942,10.441942
10.459796,10.459796
10.478004,10.478004
10.496566,10.496566
10.515481,10.515481
10.534750,10.534750
10.554372,10.554372
10.574347,10.574347
10.594677,10.594677
10.615360,10.615360
10.636396,10.636396
10.657786,10.657786
10.679530,10.679530
10.701627,10.701627
10.724077,10.724077
10.746882,10.746882
10.770039,10.770039
10.793551,10.793551
10.817415,10.817415
10.841634,10.841634
10.866206,10.866206
10.891131,10.891131
10.916410,10.916410
10.942043,10.942043
10.968029,10.968029
10.994369,10.994369
11.021062,11.021062
11.048109,11.048109
11.075509,11.075509
11.103263,11.103263
11.131371,11.131371
11.159832,11.159832
11.188646,11.188646
11.217815,11.217815
11.247336,11.247336
11.277212,11.277212
11.307440,11.307440
11.338023,11.338023
11.368959,11.368959
11.400248,11.400248
11.431891,11.431891
11.463888,11.463888
11.496238,11.496238
11.528942,11.528942
11.561999,11.561999
11.595410,11.595410
11.629174,11.629174
11.663292,11.663292
11.697763,11.697763
11.732588,11.732588
11.767767,11.767767
11.803122,11.803122
11.838478,11.838478
11.873833,11.873833
11.909188,11.909188
11.944544,11.944544
11.979899,11.979899
12.015254,12.015254
12.050610,12.050610
12.085965,12.085965
12.121320,12.121320
12.156676,12.156676
12.192031,12.192031
12.227386,12.227386
12.262742,12.262742
12.298097,12.298097
12.333452,12.333452
12.368808,12.368808
12.404163,12.404163
12.439518,12.439518
12.474874,12.474874
12.510229,12.510229
12.545584,12.545584
12.580940,12.580940
12.616295,12.616295
12.651650,12.651650
12.687006,12.687006
12.722361,12.722361
12.757716,12.757716
12.793072,12.793072
12.828427,12.828427
12.863782,12.863782
12.899138,12.899138
12.934493,12.934493
12.969848,12.969848
13.005204,13.005204
13.040559,13.040559
13.075914,13.075914
13.111270,13.111270
13.146625,13.146625
13.181981,13.181981
13.217336,13.217336
13.252691,13.252691
13.288047,13.288047
13.323402,13.323402
13.358757,13.358757
13.394113,13.394113
13.429468,13.429468
13.464823,13.464823
13.500179,13.500179
13.535534,13.535534
13.570889,13.570889
13.606245,13.606245
13.641600,13.641600
13.676955,13.676955
13.712311,13.712311
13.747666,13.747666
13.783021,13.783021
13.818377,13.818377
13.853732,13.853732
13.889087,13.889087
13.924443,13.924443
13.959798,13.959798
13.995153,13.995153
14.030509,14.030509
14.065864,14.065864
14.101219,14.101219
14.136575,14.136575
14.171930,14.171930
14.207285,14.207285
14.242641,14.242641
14.277996,14.277996
14.313351,14.313351
14.348707,14.348707
14.384062,14.384062
14.419417,14.419417
14.454773,14.454773
14.490128,14.490128
14.525483,14.525483
14.560839,14.560839
14.596194,14.596194
14.631549,14.631549
14.666905,14.666905
14.702260,14.702260
14.737615,14.737615
14.772971,14.772971
14.808326,14.808326
14.843681,14.843681
14.879037,14.879037
14.914392,14.914392
14.949747,14.949747
14.985103,14.985103
15.020458,15.020458
15.055813,15.055813
15.091169,15.091169
15.126524,15.126524
15.161880,15.161880
15.197235,15.197235
15.232590,15.232590
15.267946,15.267946
15.303301,15.303301
15.338656,15.338656
15.374012,15.374012
15.409367,15.409367
15.444722,15.444722
15.480078,15.480078
15.515433,15.515433
15.550788,15.550788
15.586144,15.586144
15.621499,15.621499
15.656854,15.656854
15.692210,15.692210
15.727565,15.727565
15.762920,15.762920
15.798276,15.798276
15.833631,15.833631
15.868986,15.868986
15.904342,15.904342
15.939697,15.939697
15.975052,15.975052
16.010408,16.010408
16.045763,16.045763
16.081118,16.081118
16.116474,16.116474
16.151829,16.151829
16.187184,16.187184
16.222540,16.222540
16.257895,16.257895
16.293250,16.293250
16.328606,16.328606
16.363961,16.363961
16.399316,16.399316
16.434672,16.434672
16.470027,16.470027
16.505382,16.505382
16.540738,16.540738
16.576093,16.576093
16.611448,16.611448
16.646804,16.646804
16.682159,16.682159
16.717514,16.717514
16.752870,16.752870
16.788225,16.788225
16.823580,16.823580
16.858936,16.858936
16.894291,16.894291
16.929646,16.929646
16.965002,16.965002
17.000357,17.000357
17.035712,17.035712
17.071068,17.071068
17.106423,17.106423
17.141778,17.141778
17.177134,17.177134
17.212489,17.212489
17.247845,17.247845
17.283200,17.283200
17.318555,17.318555
17.353911,17.353911
17.389266,17.389266
17.424621,17.424621
17.459977,17.459977
17.495332,17.495332
17.530687,17.530687
17.566043,17.566043
17.601398,17.601398
17.636753,17.636753
17.672109,17.672109
17.707464,17.707464
17.742819,17.742819
17.778175,17.778175
17.813530,17.813530
17.848885,17.848885
17.884241,17.884241
17.919596,17.919596
17.954951,17.954951
17.990307,17.990307
18.025662,18.025662
18.061017,18.061017
18.096373,18.096373
18.131728,18.131728
18.167083,18.167083
18.202439,18.202439
18.237794,18.237794
18.272973,18.272973
18.307798,18.307798
18.342269,18.342269
18.376387,18.376387
18.410151,18.410151
18.443562,18.443562
18.476619,18.476619
18.509323,18.509323
18.541673,18.541673
18.573670,18.573670
18.605313,18.605313
18.636602,18.636602
18.667538,18.667538
18.698121,18.698121
18.728349,18.728349
18.758225,18.758225
18.787746,18.787746
18.816914,18.816914
18.845729,18.845729
18.874190,18.874190
18.902298,18.902298
18.930052,18.930052
18.957452,18.957452
18.984499,18.984499
19.011192,19.011192
19.037532,19.037532
19.063518,19.063518
19.089151,19.089151
19.114430,19.114430
19.139355,19.139355
19.163927,19.163927
19.188146,19.188146
19.212010,19.212010
19.235522,19.235522
19.258679,19.258679
19.281484,19.281484
19.303934,19.303934
19.326031,19.326031
19.347775,19.347775
19.369165,19.369165
19.390201,19.390201
19.410884,19.410884
19.431213,19.431213
19.451189,19.451189
19.470811,19.470811
19.490080,19.490080
19.508995,19.508995
19.527557,19.527557
19.545765,19.545765
19.563619,19.563619
19.581120,19.581120
19.598267,19.598267
19.615061,19.615061
19.631501,19.631501
19.647588,19.647588
19.663321,19.663321
19.678701,19.678701
19.693727,19.693727
19.708399,19.708399
19.722718,19.722718
19.736684,19.736684
19.750295,19.750295
19.763554,19.763554
19.776458,19.776458
19.789010,19.789010
19.801207,19.801207
19.813051,19.813051
19.824542,19.824542
19.835679,19.835679
19.846462,19.846462
19.856892,19.856892
19.866968,19.866968
19.876691,19.876691
19.886060,19.886060
19.895076,19.895076
19.903738,19.903738
19.912046,19.912046
19.920001,19.920001
19.927602,19.927602
19.934850,19.934850
19.941745,19.941745
19.948285,19.948285
19.954472,19.954472
19.960306,19.960306
19.965786,19.965786
19.970913,19.970913
19.975686,19.975686
19.980105,19.980105
19.984171,19.984171
19.987883,19.987883
19.991242,19.991242
19.994247,19.994247
19.996899,19.996899
19.999197,19.999197
20.001142,20.001142
20.002733,20.002733
20.003970,20.003970
20.004854,20.004854
20.005384,20.005384
20.005561,20.005561
0.000000,0.000000
14014679763530194410275013779555753623337556358051318437810343802863840572371867421867121364226053171604227613793976006952221633083983118761994292240742819551386645077972466202743889658382781809646543096759057185880327929066939705042467956938210194888494324637499392.000000,0.000000
0.000000,-0.000000
0.000000,0.000000
0.000000,-5.250032
1353290401499781109236242435798134006373949538788988335878882587395819946328034382092877081727966820087254799408162215072411853771152494744300835042308391636988333474491329837069611138888310490606179677016093011851200208902212730503228781824063920277671867580416.000000,0.000000
0.000000,0.000000
0.000000,0.000000
0.000000,0.000000
0.000000,0.000000
0.000000,0.000000
0.000000,14654688245855871222682124337441410017682631411461444144788765666420732737839176420128706236226843986946481326381971887976568154077436182776461888960359027606644030758923720621208833025808776528127254675856012520968890070015265197275367686301314903088353033909698560.000000
0.000000,138131505962880379971885890235708770984105812739179210837293234443709542117340239747497020313385633982299499950918694372867462873946544939608454909358227612530679689373149009417533250318518188548657712748024732721984725876552437709560204561968873286170388201472.000000
0.000000,0.000000
0.000000,0.000000
0.000000,-nan
0.000000,13941354564939040476482549685314478285566117693826178087868646127946980054910774753504691574299412499207204523317178954944468863592129970816266062127508158298604713417892454677910495572041895621028914952145593721746319071963639659572387936419065780097230478724038656.000000
-nan,0.000000
0.000000,0.000000
0.000000,0.000000
0.000000,0.000000
6912615886105937006188925288448.000000,0.000000
0.000000,29588204927663562330032471370472352454233360589198866614650710413885088915080686451762633907479646589538867425733196604832096718818257279072918640448494277615062265825885540337146031276008475124220686751472069930549179593415763649578143444776569202894318577123328.000000
0.000000,0.000000
0.000000,-0.000000
1365801681466547851373323869985231584251351257074528016059546636636855347156319181823795319585785278826517029350763926991910130269970085412789115838930975288006415355617684607881219930775134858555456522345275989186073509837091033679755154398922229477947408908288.000000,30179457952327363689795405875049378076528871892331118140777063551818070686956577877014866379787012382575278909373631687782537243773691730131308981585183690001196293101217938620710803770086262918167577547750992630621653244767296634365372069864280835674341376.000000
33910084816752369049242250777440022244536675073071974445899739538126034820335098681517569107012948528114936327065978952665268224.000000,0.000000
34840658638868033412827563977090830128334580570188609415452059893220184264480275464260541507232864792902648311157188969306567920581102609286668323289354423541843612768048107510353247609561665441212228516161914371899192877137602726225636254296025440681197568.000000,-2.000029
1755775129554654320834308252333991926449091365139465267350719144830191969907919758071770489596847496709417401917945745768696278000406801873379133617962669289124495401662263212153895600136362453559706039953562459472656304962277729394478830528405342095671296.000000,0.000000
-2.000029,-4962710013922441470676129509833686086257546795187896781916108977310342694699444662705699144550388831255246594652022151563630059819636883456.000000
0.000000,0.000000
-0.000000,0.000000
1722741455221989001489990990922025663512347783153165537260016709997412274372927488924025019467432487098056984936779306788822001953036430642850483454335842047703286483931804662431891373563838263711318268722623164385679167337785816976581032692079859981090816.000000,34840047863195322177692685919989697937097071070200482206665214890981382695222924794135799590643562244826842159308550238671020952183215627251642423718579449159038362920790324980596119921241503430721885597435188542947320592955133021821316088673742148291526656.000000
0.000000,10110232275212001705889941887173518404902180091009483947381432317398311935952067972373119349754276518887701512400915123306413376469130433604215982622050037922763372853488843096484268714786281814842327429457319579059727985197674231895174003852321820246016.000000
-0.000000,0.000000
0.000000,0.000000
0.000000,0.000000
0.000000,0.000000
-nan,1722242550527621843751541534444992932563216572633585154730166622605596090954098136074049025910627222234614668722592127855953008447227080525378238728411325782100982689456030823763914938410436233988376656053339818052640559867685462558699659549726979032875008.000000
0.000000,0.000000
-0.000000,0.000000
0.000000,0.000000
0.000000,0.000000
-0.000000,0.000000
1763025247074854932424754163155117115298459037244806905247686532103037955153257223213415555045724261942271347749840154854135549200278798493121579500594453982121250788850659097300286079987933184952603893875727127137553450989790740169635957449023534795849728.000000,-nan
1720588656227877200252621032630163136693071019512006759116844697374613555682422452029480521200383465382438240135261895740576388877368099859045229657207440232273207207582281347208266238315684203080529445022918201032494395779445238936198242942190609194024960.000000,0.000000
0.000000,0.000000
0.000000,-2.000029
0.000000,1713618662986723357580320270981010582764234657184327585126233621484433897673478512007628225866242037525718773430423778881136227616311681542591999438518384725225104134920111477831061691069590603929575242271433346756652043095912685444846883104724539385315328.000000
0.000000,0.000000
23828992205519517726627599331140671739829619680173673224857992940410047864763584111567646077086337826016973398793804349990509466450506231876494291359774490464269548875791664529528151986358506386356842171029731701413038775603536949295145442826911083605858827964556499064546727076655267840.000000,0.000000
18642939004216363229719080664736071789206204240360957997820172067505245641815373698731413360519656501310689651495207093148903133238962364060746130768186457311270696328152589436267606299038759475017970785547883342154573574889456237991333231318300294115736064843859552179683897670100844544.000000,-236337435805138550784.000000
0.000000,0.000000
0.000000,6967808275571077635694416297566308080179715478814203691964061240595369746574047174511385679122089492323574919319087244140505564017568536456396847948543804962917078326481803821469153700231947690682005105647867010700524742867893199222645006430510990229504.000000
6215956729916550017369862559547432850245569754357330583580486800764269741965282213017618625456147887952208216502391005493123042599335771158797622526562689627881762387875698661030103807137012051459132439274749778060601164098716104898421577849366825140224.000000,0.000000
-0.000000,34840041816213461595359193662532606148006411232010808249195848928154581074336329708009264287459547555281081517606732145272682614157418819652032814283754506829387486856063969216180853674010309151052868849026467700898572918967447449935900632481997251923673088.000000
0.000000,0.000000
0.000000,-0.000000
0.000000,0.000000
0.000000,0.000000
0.000000,0.000000
-284470420908705391001639426921827665360603237851774379536751214562592810238367491834731528086763871510517517078284040404992.000000,29588219919776322100630006295599450344376724767745635766701853891580867136824103340562993232632711672648463817402813225121267454168880887033822051336492877154783493673208998914783989378164876230202462254144267469258413638701173040467763441818320916539805456662528.000000
0.000000,0.000000
0.000000,-0.000000
0.000000,80348507033892983225978361301904641054346794622575122787469243230506766469744415640701814591350089754765786553865175598054488717723873690119965582293618129122639273607931153187150739252711613107740071810034851812023056443331905362324718136160419840.000000
13099497867895778327499910821350158881279046207411556800607101141527857721164864110476217328695702191592978621672998551556355627209859068551984311536097713872040860295618014908553975210257534538288181486226758909114866868061028853167397653027137127767586061710000128.000000,0.000000
34840658638872194253833681006157855955851990635054027744645185019912271529354816223496939709645494166595992161034612557570778222923140843898900493773164570276020267205996870888682864354646146402062637488113345246069261670377239301252411639607871126940680192.000000,-2.000029
1755775129554784347115749409492336483559010429666509590138004305039319696935249156797907933422242164637334397226615232901952849948595496705011388945581736374567515852848162067726696123420252483586281320327044674290470954751016372364065561319400519791280128.000000,0.000000
-2.000029,-4962710013922441470676129509833686086257546795187896781916108977310342694699444662705699144550388831255246594652022151563630059819636883456.000000
0.000000,0.000000
-0.000000,0.000000
1722741455221989001489990990922025663512347783153165537260016709997412274372927488924025019467432487098056984936779306788822001953036430642850483454335842047703286483931804662431891373563838263711318268722623164385679167337785816976581032692079859981090816.000000,34840047863187533936835082250197572670205508641093417128944749910250039866098784398642028596384025212016224183896962496535447822158374829131310412300165584759169240511296485836543247552237218555283940598654305111808473877404018407027608316166954068882751488.000000
0.000000,0.000000
0.000000,0.000000
0.000000,-284435116711153421548265224901897936682633886405388042496536732891702606071660230334023700904199494626103354339604725497856.000000
0.000000,23826840352333612599271818529030296261992388036929559249852456285437491301435403766362717288361791837774349010540776908690133660499291451636690924611660092629997380869784739697639175792358263616121099509325131109104675026256671132743678054152670286428027959037375700497535161940928626688.000000
0.000000,0.000000
-nan,1722242550527621843751541534444992932563216572633585154730166622605596090954098136074049025910627222234614668722592127855953008447227080525378238728411325782100982689456030823763914938410436233988376656053339818052640559867685462558699659549726979032875008.000000
0.000000,0.000000
-0.000000,0.000000
0.000000,0.000000
0.000000,0.000000
-0.000000,0.000000
1763025247074984958706195320313461672408378101771851228034971692312165682180586621939552998871118929870188343058509641987392121148467493324753834828213521067564271240036557952873086603271823214979179174249209341955368100778529383139222688240018712491458560.000000,-nan
1720588656228007226534062189788507693802990084039051081904129857583741282709751850755617965025778133310355235443931382873832960825556794690677484984826507317716227658768180202781066761599574233107104725396400415850309045568183881905784973733185786889633792.000000,0.000000
0.000000,0.000000
0.000000,-2.000029
0.000000,1713618662986853383861761428139355139874153721711371907913518781693561624700807910733765669691636705453635768739093266014392799564500376374224254766137451810668124586106010333403862214353480633956150522644915561574466692884651328414433613895719717080924160.000000
0.000000,0.000000
23828992205522154972927028572050462620035922931073415310709565259048510644623045267689209247584834116958364583475774564570315806036871212555511328765976445154850035870159591195854675019738676694093082891823468398383716565856050456252382858623111364883177473010647134841142568584742961152.000000,0.000000
18642939004216363229719080664736071789206204240360957997820172067505245641815373698731413360519656501310689651495207093148903133238962364060746130768186457311270696328152589436267606299038759475017970785547883342154573574889456237991333231318300294115736064843859552179683897670100844544.000000,-236272133610541678592.000000
0.000000,-0.000000
0.000000,0.000000
1727746592276156067204214909051458348192480053440134777214415814574314140236383857378586143132235881735692379314857092603533780765593937800772755411141822227420325835903203613946800247794459371908564639386050571296910570535683397220894978006768053173354496.000000,0.000000
-0.000000,34840041816213461595359193662532606148006411232010808249195848928154581074336329708009264287459547555281081517606732145272682614157418819652032814283754506829387486856063969216180853674010309151052868849026467700898572918967447449935900632481997251923673088.000000
0.000000,0.000000
0.000000,167457853727622413475223026444485916104754422769811970057659145482600403308636679078504784929893477677033097842136494383499442254610796004181350823238585178603962111689952551548545801054416760637531505972923839877150928242759051904858715380865617322471409261915525788794078595805209427968.000000
23829155525366536514334498786270486573650294094833659605888459715096676386335878444582114199114480487664299978674602121068485811648676343477952007165568002316721759481678269585424920286655200472068850643819255540712156362920548716326762792335700458932986184524842997190517866323085623296.000000,0.000000
0.000000,0.000000
23826847712579087664475060719310103748146470305598949071927852368915647634883340150956405893689170049327694465928863561991862436308956191335294463765017387574593534688534432490622721674465281272435660645718567699412547888475843015425564135832842588259952635070377097329075237511535525888.000000,0.000000
1722681981111387440422637443327575557046622172984703741680014693819564881992625458592070920226539851396358432229197045822176335940688720785527806984956682788595064446526495581048292825548999905884104956802082854886582556850388079494792360112200620062015488.000000,-0.000000
1723201956210657251437005171873371340832969339561548465090002365140722467248472647258214033043991229805299821537786303285843936708691841399023524439960749945493799383400649828618024607159403633592511155809732312511232041714502001824044876470179021985939456.000000,-0.000000
-2.000029,0.000000
0.000000,0.000000
0.000000,0.000000
-nan,1722242550527621843751541534444992932563216572633585154730166622605596090954098136074049025910627222234614668722592127855953008447227080525378238728411325782100982689456030823763914938410436233988376656053339818052640559867685462558699659549726979032875008.000000
0.000000,0.000000
0.000000,-nan
1723202362581703371037922103112330502913950213967457148521667253033055556039512924351708910160687399187488576886569326197002363219170538583626291551513347543873924394857715574624074150595976725932223981821238950927558426647510226841672210739967185463017472.000000,0.000000
0.000000,0.000000
0.000000,0.000000
23826832061447039978298876813617127354025089000768566802046185071566495229059065312748449873623080243366503418168679944548094476359230179562783583992785029825118973589740070429371884839139834381854990895075845616591521882063194219639125046868606164154731478204365725090654079189728100352.000000,0.000000
0.000000,0.000000
0.000000,-284435116711153421548265224901897936682633886405388042496536732891702606071660230334023700904199494626103354339604725497856.000000
0.000000,23826840352333612599271818529030296261992388036929559249852456285437491301435403766362717288361791837774349010540776908690133660499291451636690924611660092629997380869784739697639175792358263616121099509325131109104675026256671132743678054152670286428027959037375700497535161940928626688.000000
0.000000,-2.000029
0.000000,0.000000
23828992156809701140500743201640268072238676193790059918896908068195637547400524734641280130027242203325158259271532625427055741943166591136447203432715997567717766302167980224358413223792449643702830041647262954616287516674773211462639605370039302038565340622976250912304840972175409152.000000,0.000000
0.000000,0.000000
0.000000,23826832061447039978298876813617127354025089000768566802046185071566495229059065312748449873623080243366503418168679944548094476359230179562783583992785029825118973589740070429371884839139834381854990895075845616591521882063194219639125046868606164154731478204365725090654079189728100352.000000
-2.009537,1729618860619919719995014105010959458683881084747675460240040472062848273655098500009332787940115466866548275452842685728981952525732173915997704675830414598797749496681733087144099136130747043242064424272934927152690211908053181360896356757933215224692736.000000
0.000000,0.000000
0.000000,0.000000
0.000000,1729288134920981369429567439446987918133571543943855563626400612343878949380292420959254128039732830973028026885799871552430580336451853704918605930254787334423545691039524946064319737125888073190929445263221371367753174224067283813650578346072991168724992.000000
0.000000,0.000000
0.000000,0.000000
0.000000,0.000000
36325786279379164987328642700046319268441743351040048873120167658020129463229671699428023206833311181003897038960599212525984906705942719685696357898761705130605115512391475286988991770104657178122001047332749992663627800604789729348006476880452399038201856.000000,0.000000
6464332350409189751198350851917137818486806474612586817575401195265312434502966390169445040809230265857364061020273870112545692323602608743276854388862577438542565586545320426271371148462637484322029291543685605657497201011041059414103415619924602922920631599104.000000,-0.000000
0.000000,0.000000
-2.000029,-0.000000
14014683315799177870361741705768481835533639108590581121102696753803407311695048833628539169521054666617824189469189189141919431846038240703030014513185960591777512100168197739511388887820368043765287261540012552577075899372799547508908547665302065278583432623947776.000000,0.000000
1727746592276286093485656066209802905302399117967179100001700974783441867263713256104723586957630549663609374623526579736790352713782632632405010738760889312863346287089102469519600771078349401935139919759532786114725220324422040190481708797763230868963328.000000,0.000000
0.000000,0.000000
1755775129555007725599250884610518158593999591802713939541801887962692971571943252045374824096638132616063594295355121053957729962150433979866801944311928546995268935654706255505609842907960996708859366096873094618511506952182759004124816780853773781172224.000000,0.000000
-2.000029,-4962710013878471993968014914522998391459055062244750272833422776290843564730562835907407131694172196112059372195669469686997656165387599872.000000
0.000000,0.000000
-0.000000,0.000000
1722741455221989001489990990922025663512347783153165537260016709997412274372927488924025019467432487098056984936779306788822001953036430642850483454335842047703286483931804662431891373563838263711318268722623164385679167337785816976581032692079859981090816.000000,1727714081051195596183632456093150314385641068822130567348929224477424458459944919479368271659799111656606238140946225606330245132039933665086775038488983069714997445178641651324672471206087073326327521766132426641556665905938405329841405768448437781528576.000000
0.000000,0.000000
0.000000,0.000000
0.000000,46620522081246697894446978394958356290456473293516767753777600325828606036179330025694160777814529381216500902571106247827753893105833499902736657297832991929962654236507217506497281298797449776403615734577535016880079746094620172314714219917746742926544186900480.000000
0.000000,-nan
0.000000,0.000000
-nan,1722242550527621843751541534444992932563216572633585154730166622605596090954098136074049025910627222234614668722592127855953008447227080525378238728411325782100982689456030823763914938410436233988376656053339818052640559867685462558699659549726979032875008.000000
0.000000,0.000000
-0.000000,0.000000
0.000000,0.000000
0.000000,0.000000
-0.000000,0.000000
1763025247075208337189696795431643347443367263908055577438769275235538956817280717187019889545514897848917540127249530139397001162022430599609247826943713239992024322843102140652000322759531728101757220019037762283408652979695769779281943701471966481350656.000000,-nan
1720588656228230605017563664906689368837979246175255431307927440507114557346445946003084855700174101289084432512671271025837840839111731965532897983556699490143980741574724390559980481087282746229682771166228836178349597769350268545844229194639040879525888.000000,0.000000
0.000000,0.000000
0.000000,-2.000029
0.000000,1713618662987076762345262903257536814909142883847576257317316364616934899337502005981232560366032673432364965807833154166397679578055313649079667764867643983095877668912554521182775933841189147078728568414743981902507245085817715054492869357172971070816256.000000
0.000000,0.000000
23828992205526685626826048037203180286031366977490920945377651037222280035663658023077535719979686719344857131519159292181777979172421307568181623797143905777129334039971157520056650487340507735588675924981939134205137385007804429743021496016583642974981299115469509124012347585816690688.000000,0.000000
18642939004216363229719080664736071789206204240360957997820172067505245641815373698731413360519656501310689651495207093148903133238962364060746130768186457311270696328152589436267606299038759475017970785547883342154573574889456237991333231318300294115736064843859552179683897670100844544.000000,-236350946604020662272.000000
0.000000,-0.000000
0.000000,-0.000000
0.000000,0.000000
-0.000000,1727713892081765534286762290298363263691693073670637186371738463313092807596438948074442146237924144786738237435395482294351200052770402221689654422380675674331621702937323239219326280257679656447205239155735583869515890299252655038539164664194962124963840.000000
0.000000,0.000000
0.000000,167457853727658658706415182165707657432717975141152015135003831707990558436961581121611396709052298496125038226483572204391139639695196764282713183487924863582196497048445082142161604795231408969496250238191605763722294795973083692783824480013395547205839870754104783057036827813799264256.000000
23829155525366536514334498786270486573650294094833659605888459715096676386335878444582114199114480487664299978674602121068485811648676343477952007165568002316721759481678269585424920286655200472068850643819255540712156362920548716326762792335700458932986184524842997190517866323085623296.000000,0.000000
0.000000,0.000000
23826847712579087664475060719310103748146470305598949071927852368915647634883340150956405893689170049327694465928863561991862436308956191335294463765017387574593534688534432490622721674465281272435660645718567699412547888475843015425564135832842588259952635070377097329075237511535525888.000000,0.000000
1722681981111610818906138918445757232081611335120908091083812276742938156629319553839537810900935819375087629297936933974181215954243658060383219983686874961022817529333039768827206545036708419006683002571911275214623109051554466134851615573653874051907584.000000,-0.000000
1723201956210880629920506646991553015867958501697752814493799948064095741885166742505680923718387197784029018606526191437848816722246778673878937438690942117921552466207194016396938326647112146715089201579560732839272593915668388464104131931632275975831552.000000,-0.000000
-2.000029,0.000000
-0.000000,1707341373234501042905340619851835620024731263019602546672178523102632862122775769608018061335607289515982733393304843837016268540371801210937785455484071544487738232623054612680141319959796043814069131173643700202459235622065387209055487083829722838204416.000000
0.000000,0.000000
0.000000,1755775129555136084877083821805294195740970976015308976139506469194780599534819709762202813514014920185930371715451922454736653552029017339298643742089725541599276304133093587289015487688211410965863168516849127195072122769270906551024538202733628685811712.000000
0.000000,0.000000
0.000000,-nan
1723202362581703371037922103112330502913950213967457148521667253033055556039512924351708910160687399187488576886569326197002363219170538583626291551513347543873924394857715574624074150595976725932223981821238950927558426647510226841672210739967185463017472.000000,0.000000
0.000000,0.000000
0.000000,0.000000
23826832061447039978298876813617127354025089000768566802046185071566495229059065312748449873623080243366503418168679944548094476359230179562783583992785029825118973589740070429371884839139834381854990895075845616591521882063194219639125046868606164154731478204365725090654079189728100352.000000,0.000000
0.000000,0.000000
0.000000,-284435116711153421548265224901897936682633886405388042496536732891702606071660230334023700904199494626103354339604725497856.000000
0.000000,23826840352333612599271818529030296261992388036929559249852456285437491301435403766362717288361791837774349010540776908690133660499291451636690924611660092629997380869784739697639175792358263616121099509325131109104675026256671132743678054152670286428027959037375700497535161940928626688.000000
0.000000,-2.000029
0.000000,6470218263847698274672218237138161146489874869537124320459345794957387523823974965767939742887008561134637731435008611045868333485596484719576469329199872703366684341906505546292366655728229837507442818008698348993299857338413928879289838190141443584982089990144.000000
0.000000,0.000000
0.000000,0.000000
0.000000,23826832061447039978298876813617127354025089000768566802046185071566495229059065312748449873623080243366503418168679944548094476359230179562783583992785029825118973589740070429371884839139834381854990895075845616591521882063194219639125046868606164154731478204365725090654079189728100352.000000
-2.009537,1716888867828401815768254180215229167546590437752466031964258567806545518647074991974338879858575892008026845826893300161384367613556985477414938983501007451071848140702274562510991243753223347418245024177931614733903137623772565928626202352459176277442560.000000
0.000000,0.000000
0.000000,280269543879378443563061021428002967227940790347321955721340548247499363501430854175930915308787821859143996575162854073120537943114721531937249695622737171503493269532009403373910547369352358232210164337649437229711360.000000
0.000000,0.000000
0.000000,129509168164453509651647078394449770870454655841093100729422819130020174167491851102881711293814644270984378660728912642506331670765627681990736824399666870222848.000000
0.000000,0.000000
0.000000,0.000000
0.000000,0.000000
0.000000,-0.000000
0.000000,0.000000
1715772843139289067922406831032422266075790424783028139030885062480913394534195499194965612087953012325434107212034208916999657776190441851898055510477282345140962838282832835353611588650915200410401984728168488132984704677516052424286928574866622422974464.000000,-0.000000
0.000000,0.000000
0.000000,0.000000
1763025247075422547153353060750198162682144184314788852799873673785191686599483636883284780975812523858370538808839646762774815204871754777362386411546919912805205450758332947589242210477222354491692137044582180284552018336784431594562647632790945120911360.000000,-nan
1530339094210770954831416046795382993337812597491651374207358969561855119976065974869856189445268398138074205434809010092034199957170297985708127046573634098604188169069411625028052638751153691700510342175951348475980221457525732881530355712.000000,0.000000
-2.000029,0.000000
0.000000,0.000000
0.000000,0.000000
0.000000,0.000000
0.000000,0.000000
0.000000,0.000000
0.000000,-0.000000
0.000000,0.000000
0.000000,0.000000
-0.000000,0.000000
0.000000,0.000000
0.000000,1530219749170636530053529169257467720821077404859233946038014627267365503025292253187046661515794273074227754412317576538923434213548339929838300070704543250604574657732914336517777351284883305121413709007697487665991027116835597874771263488.000000
0.000000,1722681981111769184248919814984766628561640964993590279093967279561747567752348949723935979662634453389858328712342078559557809993704247919422505318607533590729060386546634528819720002882471917115973408154998588133756336358351531290117505639609539193995264.000000
0.000000,0.000000
0.000000,-0.000000
0.000000,0.000000
0.000000,0.000000
0.000000,0.000000
-284470420908705391001639426921827665360603237851774379536751214562592810238367491834731528086763871510517517078284040404992.000000,29588219919776322100630006295599450344376724767745635766701853891580867136824103340562993232632711672648463817402813225121267454168880887033822051336492877154783493673208998914783989378164876230202462254144267469258413638701173040467763441818320916539805456662528.000000
0.000000,0.000000
0.000000,0.000000
0.000000,1725233528457748311307489011179799131370159143527939070314649598324482398321037625486990103746612304762955757712539473019718770676621821800676049708360708826219066583258209194695679382440983538918247838897454165101255492173684702164616194350529354078879744.000000
0.000000,0.000000
226766528120899849794690635134157944660432629772010217523111134367692688768456501505703101791445050262318952168134655047727316261803071448667254158392583249687364521608903441256784703291944658050930374162282559495393700712139712233790982522410861631743886610137088.000000,0.000000
0.000000,0.000000
29585802499357453979075857554247571661222053688490128725425146188702756765127371176240144848410135833601122044099547720020778007762339871499787847415948297612408396809992371058430041080323541580360471948925300698812012704035430211574408852757567100232810864050176.000000,-nan
0.000000,0.000000
0.000000,-0.000000
0.000000,1716103087902280354326906636734373161016054086762118925799831231078746779306928107457770468303052159201244523304037391117164936806049438413676870559606949744234622348851928904977499971202978858351647426940731246730268404369500091994571552320540379621359616.000000
0.000000,0.000000
0.000000,0.000000
0.000000,0.000000
0.000000,0.000000
0.000000,79209610450647689933557859914334844024371981858911939250670796745046256329752193478075190312387914502651528834887638424245964101960067397447762840949267948337011476844211913140272881164247099163222843684326259122967747397349218514555820665533890560.000000
1709872336368537983124973024599409528503762442314089625578651862890888966749925278862971089995192192965942896882971504146536855317907371039663649111644657985868598050479193225011936531549023535151284089842767605670539846874062218932623852938362062194606080.000000,-0.000000
0.000000,1709747447531636981994579683361298361599412485911940995430490484319428111273269674175593876602788744988213570868910157879780616216268082061048787322041162457643830027161760351858063823329314153639377974699173300816069947046072798635506176598026278494273536.000000
-0.000000,0.000000
0.000000,1715772843139289067922406831032422266075790424783028139030885062480913394534195499194965612087953012325434107212034208916999657776190441851898055510477282345140962838282832835353611588650915200410401984728168488132984704677516052424286928574866622422974464.000000
-0.000000,0.000000
-0.000000,0.000000
0.000000,1763025247075564242460051757653522359532697011042978178914222886833600107077983622674588405657332354292639059337517934023374925661231229914397536448054877634121317480896812469687806883286589694905267763092607670791144905927076542522958444007593382353305600.000000
-nan,1707402230905569517721091904485130073683937692310489906797987537854064637479463590879227559227264818768562114625301365420680438588667073460923235728148573040876328815070130017968116019940220973231832955142057617642945047863813637816037028242974128786636800.000000
0.000000,0.000000
1708130733024019896099048496773186466850786791110196647520623599897948611604667400013767993812035997944590258342121066846985732254309197861849049481196921657036115310569256334122193170000084273413240118673106655160861209436203192832281879784293330195578880.000000,0.000000
-0.000000,0.000000
0.000000,0.000000
0.000000,0.000000
18642939004215008682541248819044424389997678291781843673276215451922509550557429306845257917979964095466593698465445148000140421961029709721603565882468946929329917351077396332809832850002950847406648428153023388021396921402388002446790616314001912466087626162333833002762475869873111040.000000,-236774284968993488896.000000
0.000000,0.000000
-0.000000,-0.000000
0.000000,0.000000
0.000000,0.000000
0.000000,0.000000
0.000000,0.000000
0.000000,0.000000
1722681978709623027692032110115435905819993184712069755916890963570766050172996445958880798126103319323812935318277564048504960421946961210252503094081238652168301287255583284536352692771841571780939013327848851695349061141680485216857019422510797486555136.000000,0.000000
1723201956211180690569986240433886609198540958298624328618304163931313573486696124181382717161605662233068238549609623283825521218066843669953372810119558468943907353559268298488016457302242985237955233210673536264998708812757564547765818372390378350313472.000000,0.000000
0.000000,0.000000
0.000000,22565626851369736705717772528981216653027926219682469160906986823481708898728149406098126107399602060437263700228472712123920248986699416069454670628867276012274599438532542613262108263716312319742551763683763668066225426477696409346826142109829733276573731577503258549342731083043569664.000000
-236679146416787849216.000000,0.000000
-0.000000,0.000000
0.000000,0.000000
0.000000,-nan
1723202362581703371037922103112330502913950213967457148521667253033055556039512924351708910160687399187488576886569326197002363219170538583626291551513347543873924394857715574624074150595976725932223981821238950927558426647510226841672210739967185463017472.000000,0.000000
0.000000,0.000000
0.000000,0.000000
15317467666743661612758510303009639907505699920447090241747897149046647497128066565094847141185904603896232124246890669647390555912636312699438642386276637321931319810887764688643097810085761140693123572003372908565081906160299556504100422562650977242865024725155840.000000,-15469078669504333317298157912073552410056804512118091394338073289471131093018894133346406330044203392567511470657026261784013358255847135066686388840380236791627120303946142231931742122436702172184203897958336076308143201583104.000000
226104305076484222172530859249163297284289702615906919729035076250234846429588423519118385844476353832293153969763926712007608570614672867622653859077534176775028338163365502894914464142980670258575292532561880898364006711196025442486006035119145562983831066116096.000000,0.000000
0.000000,0.000000
0.000000,0.000000
0.000000,0.000000
225759920264516649085134568587871039479789837099967248356609826397725076914434943700024549537303250146690770423433631531093828023758124469501870306879156874447016241659146691864344844641232789770994179988473292084723019927529556255341261918311490033017556930920448.000000,225671446873632977918696674107764007025803468044333071826384945154191198074835027739777707207788081071380992720411531386519226391868957520416788320739184976919441962403649669283444227777876613234429560585039809350325110759217935076536148398372720267607031035199488.000000
0.000000,0.000000
0.000000,0.000000
0.000000,0.000000
0.000000,0.000000
0.000000,0.000000
0.000000,0.000000
0.000000,225488928937065680815691571279134803996370300668408446822060879023876312794831235048607272555721508700400948301921421695813286419403025192307416417636559106017721095739096847442727019317477033893885065130422353372154803393179620659353875311270220197433872186605568.000000
0.000000,0.000000
35892580195392551611283780802511554867715142480795497154978408923797244967549658924967292150464548881824042125422542614940298634453159391032405120254761178718386110424808287812784963786435940862428666119603581575046380974305095518541937257489278947631421400442839739683300662715344748544.000000,0.000000
0.000000,0.000000
225450370330634058582494754841382716061878012644514520389832914248719787225754619200492963754760324543595543903024804257913103164280328470113397333952119964598648880318013846851242473832244748039971666236942774096142196305107016687697601031400155309812880573988864.000000,0.000000
0.000000,0.000000
0.000000,0.000000
0.000000,0.000000
0.000000,0.000000
0.000000,0.000000
0.000000,0.000000
0.000000,224039557768198976142963332360855659057546804735064575368693714753474942093365807913848072094150458753055487000480845250859321028500248758219058812535498235976015597911380780848734834403307747180894074273991588112457517590020244269127231799720322485683898634207232.000000
0.000000,0.000000
-0.000000,0.000000
0.000000,0.000000
0.000000,-0.000000
-nan,-nan
0.000000,0.000000
-0.000000,0.000000
0.000000,0.000000
212358342063631070786451126635316311059592347111111862275660883949268921183186568131294068487836490026964241459167353724474079538195933095019638957529407151329903606078462718747975039512099695332911635431908953376297314993026618331178195850698775011101543252361216.000000,0.000000
0.000000,0.000000
0.000000,0.000000
0.000000,0.000000
0.000000,0.000000
212507411317785494974993907084776414276951667169669196944789779693743550955437430384993635911467587724612321009591158050173589330466651301552904477865335434987505977820824823135779618761574211399605075734093401858655217705061783881741591363652410002981732850073600.000000,0.000000
-0.000000,0.000000
-0.000000,0.000000
0.000000,0.000000
0.000000,218174565501246116140885759752514590122304761940900019491198866205235284157928828550481984320118690072351797930002465889477482240556283527914248098377209038170361804030745764273562504085041322937209427377796496821645094606192377936218308348248763194558530759688192.000000
0.000000,0.000000
0.000000,0.000000
0.000000,0.000000
0.000000,0.000000
0.000000,217726156536098513256384557187376151293859819766694271815975766087155664489180797004249057787452184872619713441727755908738067411620206305298092247058631597203069222208648391068466042717080103971102781541782792842028581266093232646165034674632400075231733359837184.000000
-0.000000,0.000000
0.000000,0.000000
0.000000,0.000000
0.000000,-nan
0.000000,0.000000
0.000000,-0.000000
0.000000,217537687833634017339169801471082734475099977055426232932460351264645002180903585746328833310484391244501386969268902151454785558671859565645590267873673586919846277709219085727758392276442759808678138687252906588253275030515248431930574024337046682125555225067520.000000
0.000000,0.000000
0.000000,0.000000
0.000000,0.000000
1716103085500103774954168917529916948950611140741898929662909348756783453801309430272817743820194708600782653443521361988395004695132617336849321415477475647861874490148792351537676128400925525221933559462093684388975009170207504457273145117086996978728960.000000,0.000000
0.000000,0.000000
0.000000,0.000000
0.000000,0.000000
0.000000,0.000000
0.000000,0.000000
80348507033892983225978361301904641054346794622575122787469243230506766469744415640701814591350089754765786553865175598054488717723873690119965582293618129122639273607931153187150739252711613107740071810034851812023056443331905362324718136160419840.000000,0.000000
0.000000,-0.000000
0.000000,0.000000
-15454800454929104569633583217767365811579700066739769818373274009308689313012587913730882231499651509702826611049066937897314366866893253922055188987964846792113006198907605619226126894678179063148032580748811088922614045868032.000000,0.000000
0.000000,0.000000
0.000000,0.000000
0.000000,0.000000
218064174973817298489516846241931955140865253626055926422749247528436364033360407275827423917805763612993822772804312083729375574933408179825844292160074083227951652767347942811457392886050350962782494238414594590186423762842163652938291839828620732585827192799232.000000,0.000000
0.000000,0.000000
0.000000,0.000000
0.000000,80290575467701957537493820216078409182548527455159365598940976973818054468149571081162028144591375304097119787277501764803131926829581967307788692894090752478550082587072989831427606623868178398183996766295436262470710844272310560641146897452498944.000000
-nan,0.000000
0.000000,1715772843139353455936774327125256349644644576928631818103434925469087220898690345679543288597643641155123773158154195333948825615918497465639028100596339603797843157860465441718988770853995359510100320682344777201421766832516438125572665456945965224165376.000000
-0.000000,0.000000
-0.000000,0.000000
0.000000,1763025247075910979210561510075774511825814516448429706346983314057940712484195352610954922525051468767084380160636566378725784189734416132083550655039056528636038684059209417881941612043629774976135177421893576971983972030379590441856392783580522874929152.000000
-nan,1707402230905916254471601656907382225977055197715941434230747965078405242885675320815594076094983933243007435448419997776031297117170259678609249935132751935391050018232526966162250748697261053302700369471343523823784113967116685734934977018961269308260352.000000
0.000000,0.000000
1708130733024366632849558249195438619143904296515648174953384027122289217010879129950134510679755112419035579165239699202336590782812384079535063688181100551550836513731653282316327898757124353484107533002392561341700275539506240751179828560280470717202432.000000,0.000000
-0.000000,0.000000
0.000000,0.000000
0.000000,0.000000
19726499109515528009435000573601444520444399249396041221392007901679297924803090909289331462674499118830023265342518930187485524309112410269308789824034325269102570791803109784777578836397526676945999300143182024701821789046846190130413733813949454229738499142099786856035735597039484928.000000,0.000000
0.000000,0.000000
-0.000000,-0.000000
0.000000,0.000000
0.000000,0.000000
0.000000,0.000000
-0.000000,0.000000
15317466607558682025672740184812330215258174211719787140030834862705365606672853458413837477845507207158553418932456941591289241155365554521666309933411904568853079372550655249641639396962717160164082237828604597936135771430830713273016346245471055016136156901277696.000000,0.000000
29597574285745019749036452329514130175980590527532814346970657134947472571417558131558206387601509793206292576801629338186164886221304633417222289386649908983699339101806993593671304913576167760366989677201395970129822694007052277054051859672142291921951269060608.000000,-15472969746441929657367248248493582720308411634027812453498776112166993466124320179903325480277081619508521447077308276806172129378737760477930254497632869918785776058880217390468791006254922326763610342880133911683560128905216.000000
0.000000,-0.000000
-15464018355261780731831984016284243257580787554787780484707649913342079513039065716553368418953911989322572617392304670179816031231543338012294008341691454647573710205162898241904206842166337937928296882178617274359460682268672.000000,223652650380920436700880966888311551039917369957085428806617046525171139656793029837549301701216177276611760156188928279953735954249098104633104576402476308708453377262055828421374706129206210233397806413713262972719114926135040876656975905172885465323744740245504.000000
0.000000,0.000000
0.000000,0.000000
223402559657839251321356016980682784875376032138403115240201875757943123735691345876853713065122992769826126923546612927723344453025288669399475277963284444893755812254141384946655833500936336153624422831210039473214240081166103331405344862796432931030867692748800.000000,0.000000
0.000000,0.000000
0.000000,-nan
1723202362581703371037922103112330502913950213967457148521667253033055556039512924351708910160687399187488576886569326197002363219170538583626291551513347543873924394857715574624074150595976725932223981821238950927558426647510226841672210739967185463017472.000000,0.000000
0.000000,0.000000
0.000000,0.000000
0.000000,0.000000
0.000000,0.000000
0.000000,0.000000
0.000000,0.000000
0.000000,-nan
0.000000,0.000000
-nan,0.000000
0.000000,0.000000
1715772843139289067922406831032422266075790424783028139030885062480913394534195499194965612087953012325434107212034208916999657776190441851898055510477282345140962838282832835353611588650915200410401984728168488132984704677516052424286928574866622422974464.000000,-0.000000
0.000000,-0.000000
0.000000,0.000000
1763025247076031836972157457434492209139521339246002955091575289893347894657033575785890367106347794725725177082156281983355290167217497866613531568531138114464487180353794892613070303557501918270067329051091789462901434975040508586664572044441425220206592.000000,-nan
1707402230906037945735001714247884183272235860670739326070130230402332474590740014495184247880289199380673341314226056246899627273808397149239437613545468566639005055880868202788076879462953004481418260077294827435328593897602851591086660964379833049022464.000000,0.000000
0.000000,-15460584065842800512264172773972679861212649435048615914360269868628535000439329137427649525021771422337803707736532333868830641959745505618700612580780858554978265133549813252997881287117043183303296597705210726273103438020608.000000
0.000000,223402615312400782350582733092234866897284993426713473401389647414593468635933677741182564045804095004401075798932321399792645114420416822905918292703715486846704659518388414147941861477791669632345331245502293054975109799011280414100989946475973939247854374617088.000000
0.000000,0.000000
0.000000,-nan
1682189255868841391331413596668292816650498795364351382356763925195902204309406860168125549793094628798583749874892065419175624766256450910934433625807622830377338064250944194037348996619711340278353875119912176176281600012005485310620962800814442374234112.000000,0.000000
0.000000,0.000000
0.000000,-nan
0.000000,0.000000
0.000000,0.000000
0.000000,0.000000
0.000000,0.000000
0.000000,-nan
0.000000,0.000000
0.000000,0.000000
0.000000,0.000000
0.000000,0.000000
-0.000000,0.000000
0.000000,0.000000
0.000000,1204502059753155639679375038093451249428638820802814958528908420460268104856389641231830103762188007220922090621700097923188677956492046639003455328902614412485341283912321078732913862578707815166424396470715970059512834875077981915695808512.000000
-0.000000,-0.000000
0.000000,0.000000
0.000000,0.000000
0.000000,0.000000
223265502753106731629944188623237329552310600722934920114236443352430126735897237523649004284611714505063747481806143026540833667681542347757485933439037452365415281190643631937590069396915711224021173881907705675722639981325176639890722983718383978154329571852288.000000,0.000000
0.000000,0.000000
0.000000,0.000000
0.000000,0.000000
0.000000,-nan
0.000000,0.000000
0.000000,21367378313134465905848097275402987979012428516691582706893704999489540508560776182353638293160957673034560955009547017323483153622505691253251969374433220451339486010692943246222716466489064390726455612014033675279690518291012789205149591748088315600961536.000000
0.000000,-nan
