Begin 68.168250,55.299500
Speed 60.000000,50.000000
Acc 600.000000,500.000000
FLineXY 68.168250,55.299500
ArcXY 68.168250,55.299500,65.668250,55.299500,-1
ArcXY 68.168250,55.299500,65.668250,55.299500,-1
FLineXY 68.168250,55.272250
FArcXY 68.270750,55.172250,68.268250,55.272250,0
FLineXY 78.065500,55.426750
FArcXY 78.168250,55.327000,78.068250,55.327000,-1
FLineXY 78.168250,55.299500
ArcXY 78.168250,55.299500,75.668250,55.299500,-1
ArcXY 78.168250,55.299500,75.668250,55.299500,-1
FLineXY 78.168250,55.272250
FArcXY 78.270750,55.172250,78.268250,55.272250,0
FLineXY 88.065500,55.426750
FArcXY 88.168250,55.327000,88.068250,55.327000,-1
FLineXY 88.168250,55.299500
ArcXY 88.168250,55.299500,85.668250,55.299500,-1
ArcXY 88.168250,55.299500,85.668250,55.299500,-1
FLineXY 88.168250,55.169500
FArcXY 88.368250,55.169500,88.268250,55.169500,0
FLineXY 88.368250,65.429500
FArcXY 88.168250,65.429500,88.268250,65.429500,0
FLineXY 88.168250,65.299500
ArcXY 88.168250,65.299500,85.668250,65.299500,-1
ArcXY 88.168250,65.299500,85.668250,65.299500,-1
FLineXY 88.168250,65.272250
FArcXY 88.065500,65.172250,88.068250,65.272250,-1
FLineXY 78.270750,65.426750
FArcXY 78.168250,65.327000,78.268250,65.327000,0
FLineXY 78.168250,65.299500
ArcXY 78.168250,65.299500,75.668250,65.299500,-1
ArcXY 78.168250,65.299500,75.668250,65.299500,-1
FLineXY 78.168250,65.272250
FArcXY 78.065500,65.172250,78.068250,65.272250,-1
FLineXY 68.270750,65.426750
FArcXY 68.168250,65.327000,68.268250,65.327000,0
FLineXY 68.168250,65.299500
ArcXY 68.168250,65.299500,65.668250,65.299500,-1
ArcXY 68.168250,65.299500,65.668250,65.299500,-1
FLineXY 68.168250,65.169500
FArcXY 68.368250,65.169500,68.268250,65.169500,0
FLineXY 68.368250,75.429500
FArcXY 68.168250,75.429500,68.268250,75.429500,0
FLineXY 68.168250,75.299500
ArcXY 68.168250,75.299500,65.668250,75.299500,-1
ArcXY 68.168250,75.299500,65.668250,75.299500,-1
FLineXY 68.168250,75.272250
FArcXY 68.270750,75.172250,68.268250,75.272250,0
FLineXY 78.065500,75.426750
FArcXY 78.168250,75.327000,78.068250,75.327000,-1
FLineXY 78.168250,75.299500
ArcXY 78.168250,75.299500,75.668250,75.299500,-1
ArcXY 78.168250,75.299500,75.668250,75.299500,-1
FLineXY 78.168250,75.272250
FArcXY 78.270750,75.172250,78.268250,75.272250,0
FLineXY 88.065500,75.426750
FArcXY 88.168250,75.327000,88.068250,75.327000,-1
FLineXY 88.168250,75.299500
ArcXY 88.168250,75.299500,85.668250,75.299500,-1
ArcXY 88.168250,75.299500,85.668250,75.299500,-1
End
