Begin 127.880250,52.520750
Speed 100.000000,180.000000
Acc 1000.000000,1800.000000
FLineXY 127.880250,52.520750
ArcXY 99.138250,23.778750,99.138250,52.520750,-1
LineXY 55.424000,23.778750
ArcXY 26.682000,52.520750,55.424000,52.520750,-1
LineXY 26.682000,53.101500
ArcXY 55.424000,81.843250,55.424000,53.101500,-1
LineXY 99.138250,81.843250
ArcXY 127.880250,53.101500,99.138250,53.101500,-1
LineXY 127.880250,52.520750
ArcXY 99.138250,23.778750,99.138250,52.520750,-1
LineXY 55.424000,23.778750
ArcXY 26.682000,52.520750,55.424000,52.520750,-1
LineXY 26.682000,53.101500
ArcXY 55.424000,81.843250,55.424000,53.101500,-1
LineXY 99.138250,81.843250
ArcXY 127.880250,53.101500,99.138250,53.101500,-1
LineXY 127.880250,52.520750
ArcXY 99.138250,23.778750,99.138250,52.520750,-1
LineXY 55.424000,23.778750
ArcXY 26.682000,52.520750,55.424000,52.520750,-1
LineXY 26.682000,53.101500
ArcXY 55.424000,81.843250,55.424000,53.101500,-1
LineXY 99.138250,81.843250
ArcXY 127.880250,53.101500,99.138250,53.101500,-1
LineXY 127.880250,52.520750
End
