Begin 67.168250,55.299500
Speed 60.000000,50.000000
Acc 600.000000,500.000000
FLineXY 67.168250,55.299500
ArcXY 67.168250,55.299500,65.668250,55.299500,-1
ArcXY 67.168250,55.299500,65.668250,55.299500,-1
FLineXY 67.168250,55.276250
FArcXY 67.274750,55.176500,67.268250,55.276250,0
FLineXY 71.061750,55.422500
FArcXY 71.168250,55.322750,71.068250,55.322750,-1
FLineXY 71.168250,55.299500
ArcXY 71.168250,55.299500,69.668250,55.299500,-1
ArcXY 71.168250,55.299500,69.668250,55.299500,-1
FLineXY 71.168250,55.276250
FArcXY 71.274750,55.176500,71.268250,55.276250,0
FLineXY 75.061750,55.422500
FArcXY 75.168250,55.322750,75.068250,55.322750,-1
FLineXY 75.168250,55.299500
ArcXY 75.168250,55.299500,73.668250,55.299500,-1
ArcXY 75.168250,55.299500,73.668250,55.299500,-1
FLineXY 75.168250,55.276250
FArcXY 75.274750,55.176500,75.268250,55.276250,0
FLineXY 79.061750,55.422500
FArcXY 79.168250,55.322750,79.068250,55.322750,-1
FLineXY 79.168250,55.299500
ArcXY 79.168250,55.299500,77.668250,55.299500,-1
ArcXY 79.168250,55.299500,77.668250,55.299500,-1
FLineXY 79.168250,55.276250
FArcXY 79.274750,55.176500,79.268250,55.276250,0
FLineXY 83.061750,55.422500
FArcXY 83.168250,55.322750,83.068250,55.322750,-1
FLineXY 83.168250,55.299500
ArcXY 83.168250,55.299500,81.668250,55.299500,-1
ArcXY 83.168250,55.299500,81.668250,55.299500,-1
FLineXY 83.168250,55.276250
FArcXY 83.274750,55.176500,83.268250,55.276250,0
FLineXY 87.061750,55.422500
FArcXY 87.168250,55.322750,87.068250,55.322750,-1
FLineXY 87.168250,55.299500
ArcXY 87.168250,55.299500,85.668250,55.299500,-1
ArcXY 87.168250,55.299500,85.668250,55.299500,-1
FLineXY 87.168250,55.276250
FArcXY 87.274750,55.176500,87.268250,55.276250,0
FLineXY 91.061750,55.422500
FArcXY 91.168250,55.322750,91.068250,55.322750,-1
FLineXY 91.168250,55.299500
ArcXY 91.168250,55.299500,89.668250,55.299500,-1
ArcXY 91.168250,55.299500,89.668250,55.299500,-1
FLineXY 91.168250,55.276250
FArcXY 91.274750,55.176500,91.268250,55.276250,0
FLineXY 95.061750,55.422500
FArcXY 95.168250,55.322750,95.068250,55.322750,-1
FLineXY 95.168250,55.299500
ArcXY 95.168250,55.299500,93.668250,55.299500,-1
ArcXY 95.168250,55.299500,93.668250,55.299500,-1
FLineXY 95.168250,55.276250
FArcXY 95.274750,55.176500,95.268250,55.276250,0
FLineXY 99.061750,55.422500
FArcXY 99.168250,55.322750,99.068250,55.322750,-1
FLineXY 99.168250,55.299500
ArcXY 99.168250,55.299500,97.668250,55.299500,-1
ArcXY 99.168250,55.299500,97.668250,55.299500,-1
FLineXY 99.168250,55.276250
FArcXY 99.274750,55.176500,99.268250,55.276250,0
FLineXY 103.061750,55.422500
FArcXY 103.168250,55.322750,103.068250,55.322750,-1
FLineXY 103.168250,55.299500
ArcXY 103.168250,55.299500,101.668250,55.299500,-1
ArcXY 103.168250,55.299500,101.668250,55.299500,-1
FLineXY 103.168250,55.169500
FArcXY 103.368250,55.169500,103.268250,55.169500,0
FLineXY 103.368250,59.429500
FArcXY 103.168250,59.429500,103.268250,59.429500,0
FLineXY 103.168250,59.299500
ArcXY 103.168250,59.299500,101.668250,59.299500,-1
ArcXY 103.168250,59.299500,101.668250,59.299500,-1
FLineXY 103.168250,59.276250
FArcXY 103.061750,59.176500,103.068250,59.276250,-1
FLineXY 99.274750,59.422500
FArcXY 99.168250,59.322750,99.268250,59.322750,0
FLineXY 99.168250,59.299500
ArcXY 99.168250,59.299500,97.668250,59.299500,-1
ArcXY 99.168250,59.299500,97.668250,59.299500,-1
FLineXY 99.168250,59.276250
FArcXY 99.061750,59.176500,99.068250,59.276250,-1
FLineXY 95.274750,59.422500
FArcXY 95.168250,59.322750,95.268250,59.322750,0
FLineXY 95.168250,59.299500
ArcXY 95.168250,59.299500,93.668250,59.299500,-1
ArcXY 95.168250,59.299500,93.668250,59.299500,-1
FLineXY 95.168250,59.276250
FArcXY 95.061750,59.176500,95.068250,59.276250,-1
FLineXY 91.274750,59.422500
FArcXY 91.168250,59.322750,91.268250,59.322750,0
FLineXY 91.168250,59.299500
ArcXY 91.168250,59.299500,89.668250,59.299500,-1
ArcXY 91.168250,59.299500,89.668250,59.299500,-1
FLineXY 91.168250,59.276250
FArcXY 91.061750,59.176500,91.068250,59.276250,-1
FLineXY 87.274750,59.422500
FArcXY 87.168250,59.322750,87.268250,59.322750,0
FLineXY 87.168250,59.299500
ArcXY 87.168250,59.299500,85.668250,59.299500,-1
ArcXY 87.168250,59.299500,85.668250,59.299500,-1
FLineXY 87.168250,59.276250
FArcXY 87.061750,59.176500,87.068250,59.276250,-1
FLineXY 83.274750,59.422500
FArcXY 83.168250,59.322750,83.268250,59.322750,0
FLineXY 83.168250,59.299500
ArcXY 83.168250,59.299500,81.668250,59.299500,-1
ArcXY 83.168250,59.299500,81.668250,59.299500,-1
FLineXY 83.168250,59.276250
FArcXY 83.061750,59.176500,83.068250,59.276250,-1
FLineXY 79.274750,59.422500
FArcXY 79.168250,59.322750,79.268250,59.322750,0
FLineXY 79.168250,59.299500
ArcXY 79.168250,59.299500,77.668250,59.299500,-1
ArcXY 79.168250,59.299500,77.668250,59.299500,-1
FLineXY 79.168250,59.276250
FArcXY 79.061750,59.176500,79.068250,59.276250,-1
FLineXY 75.274750,59.422500
FArcXY 75.168250,59.322750,75.268250,59.322750,0
FLineXY 75.168250,59.299500
ArcXY 75.168250,59.299500,73.668250,59.299500,-1
ArcXY 75.168250,59.299500,73.668250,59.299500,-1
FLineXY 75.168250,59.276250
FArcXY 75.061750,59.176500,75.068250,59.276250,-1
FLineXY 71.274750,59.422500
FArcXY 71.168250,59.322750,71.268250,59.322750,0
FLineXY 71.168250,59.299500
ArcXY 71.168250,59.299500,69.668250,59.299500,-1
ArcXY 71.168250,59.299500,69.668250,59.299500,-1
FLineXY 71.168250,59.276250
FArcXY 71.061750,59.176500,71.068250,59.276250,-1
FLineXY 67.274750,59.422500
FArcXY 67.168250,59.322750,67.268250,59.322750,0
FLineXY 67.168250,59.299500
ArcXY 67.168250,59.299500,65.668250,59.299500,-1
ArcXY 67.168250,59.299500,65.668250,59.299500,-1
FLineXY 67.168250,59.169500
FArcXY 67.368250,59.169500,67.268250,59.169500,0
FLineXY 67.368250,63.429500
FArcXY 67.168250,63.429500,67.268250,63.429500,0
FLineXY 67.168250,63.299500
ArcXY 67.168250,63.299500,65.668250,63.299500,-1
ArcXY 67.168250,63.299500,65.668250,63.299500,-1
FLineXY 67.168250,63.276250
FArcXY 67.274750,63.176500,67.268250,63.276250,0
FLineXY 71.061750,63.422500
FArcXY 71.168250,63.322750,71.068250,63.322750,-1
FLineXY 71.168250,63.299500
ArcXY 71.168250,63.299500,69.668250,63.299500,-1
ArcXY 71.168250,63.299500,69.668250,63.299500,-1
FLineXY 71.168250,63.276250
FArcXY 71.274750,63.176500,71.268250,63.276250,0
FLineXY 75.061750,63.422500
FArcXY 75.168250,63.322750,75.068250,63.322750,-1
FLineXY 75.168250,63.299500
ArcXY 75.168250,63.299500,73.668250,63.299500,-1
ArcXY 75.168250,63.299500,73.668250,63.299500,-1
FLineXY 75.168250,63.276250
FArcXY 75.274750,63.176500,75.268250,63.276250,0
FLineXY 79.061750,63.422500
FArcXY 79.168250,63.322750,79.068250,63.322750,-1
FLineXY 79.168250,63.299500
ArcXY 79.168250,63.299500,77.668250,63.299500,-1
ArcXY 79.168250,63.299500,77.668250,63.299500,-1
FLineXY 79.168250,63.276250
FArcXY 79.274750,63.176500,79.268250,63.276250,0
FLineXY 83.061750,63.422500
FArcXY 83.168250,63.322750,83.068250,63.322750,-1
FLineXY 83.168250,63.299500
ArcXY 83.168250,63.299500,81.668250,63.299500,-1
ArcXY 83.168250,63.299500,81.668250,63.299500,-1
FLineXY 83.168250,63.276250
FArcXY 83.274750,63.176500,83.268250,63.276250,0
FLineXY 87.061750,63.422500
FArcXY 87.168250,63.322750,87.068250,63.322750,-1
FLineXY 87.168250,63.299500
ArcXY 87.168250,63.299500,85.668250,63.299500,-1
ArcXY 87.168250,63.299500,85.668250,63.299500,-1
FLineXY 87.168250,63.276250
FArcXY 87.274750,63.176500,87.268250,63.276250,0
FLineXY 91.061750,63.422500
FArcXY 91.168250,63.322750,91.068250,63.322750,-1
FLineXY 91.168250,63.299500
ArcXY 91.168250,63.299500,89.668250,63.299500,-1
ArcXY 91.168250,63.299500,89.668250,63.299500,-1
FLineXY 91.168250,63.276250
FArcXY 91.274750,63.176500,91.268250,63.276250,0
FLineXY 95.061750,63.422500
FArcXY 95.168250,63.322750,95.068250,63.322750,-1
FLineXY 95.168250,63.299500
ArcXY 95.168250,63.299500,93.668250,63.299500,-1
ArcXY 95.168250,63.299500,93.668250,63.299500,-1
FLineXY 95.168250,63.276250
FArcXY 95.274750,63.176500,95.268250,63.276250,0
FLineXY 99.061750,63.422500
FArcXY 99.168250,63.322750,99.068250,63.322750,-1
FLineXY 99.168250,63.299500
ArcXY 99.168250,63.299500,97.668250,63.299500,-1
ArcXY 99.168250,63.299500,97.668250,63.299500,-1
FLineXY 99.168250,63.276250
FArcXY 99.274750,63.176500,99.268250,63.276250,0
FLineXY 103.061750,63.422500
FArcXY 103.168250,63.322750,103.068250,63.322750,-1
FLineXY 103.168250,63.299500
ArcXY 103.168250,63.299500,101.668250,63.299500,-1
ArcXY 103.168250,63.299500,101.668250,63.299500,-1
FLineXY 103.168250,63.169500
FArcXY 103.368250,63.169500,103.268250,63.169500,0
FLineXY 103.368250,67.429500
FArcXY 103.168250,67.429500,103.268250,67.429500,0
FLineXY 103.168250,67.299500
ArcXY 103.168250,67.299500,101.668250,67.299500,-1
ArcXY 103.168250,67.299500,101.668250,67.299500,-1
FLineXY 103.168250,67.276250
FArcXY 103.061750,67.176500,103.068250,67.276250,-1
FLineXY 99.274750,67.422500
FArcXY 99.168250,67.322750,99.268250,67.322750,0
FLineXY 99.168250,67.299500
ArcXY 99.168250,67.299500,97.668250,67.299500,-1
ArcXY 99.168250,67.299500,97.668250,67.299500,-1
FLineXY 99.168250,67.276250
FArcXY 99.061750,67.176500,99.068250,67.276250,-1
FLineXY 95.274750,67.422500
FArcXY 95.168250,67.322750,95.268250,67.322750,0
FLineXY 95.168250,67.299500
ArcXY 95.168250,67.299500,93.668250,67.299500,-1
ArcXY 95.168250,67.299500,93.668250,67.299500,-1
FLineXY 95.168250,67.276250
FArcXY 95.061750,67.176500,95.068250,67.276250,-1
FLineXY 91.274750,67.422500
FArcXY 91.168250,67.322750,91.268250,67.322750,0
FLineXY 91.168250,67.299500
ArcXY 91.168250,67.299500,89.668250,67.299500,-1
ArcXY 91.168250,67.299500,89.668250,67.299500,-1
FLineXY 91.168250,67.276250
FArcXY 91.061750,67.176500,91.068250,67.276250,-1
FLineXY 87.274750,67.422500
FArcXY 87.168250,67.322750,87.268250,67.322750,0
FLineXY 87.168250,67.299500
ArcXY 87.168250,67.299500,85.668250,67.299500,-1
ArcXY 87.168250,67.299500,85.668250,67.299500,-1
FLineXY 87.168250,67.276250
FArcXY 87.061750,67.176500,87.068250,67.276250,-1
FLineXY 83.274750,67.422500
FArcXY 83.168250,67.322750,83.268250,67.322750,0
FLineXY 83.168250,67.299500
ArcXY 83.168250,67.299500,81.668250,67.299500,-1
ArcXY 83.168250,67.299500,81.668250,67.299500,-1
FLineXY 83.168250,67.276250
FArcXY 83.061750,67.176500,83.068250,67.276250,-1
FLineXY 79.274750,67.422500
FArcXY 79.168250,67.322750,79.268250,67.322750,0
FLineXY 79.168250,67.299500
ArcXY 79.168250,67.299500,77.668250,67.299500,-1
ArcXY 79.168250,67.299500,77.668250,67.299500,-1
FLineXY 79.168250,67.276250
FArcXY 79.061750,67.176500,79.068250,67.276250,-1
FLineXY 75.274750,67.422500
FArcXY 75.168250,67.322750,75.268250,67.322750,0
FLineXY 75.168250,67.299500
ArcXY 75.168250,67.299500,73.668250,67.299500,-1
ArcXY 75.168250,67.299500,73.668250,67.299500,-1
FLineXY 75.168250,67.276250
FArcXY 75.061750,67.176500,75.068250,67.276250,-1
FLineXY 71.274750,67.422500
FArcXY 71.168250,67.322750,71.268250,67.322750,0
FLineXY 71.168250,67.299500
ArcXY 71.168250,67.299500,69.668250,67.299500,-1
ArcXY 71.168250,67.299500,69.668250,67.299500,-1
FLineXY 71.168250,67.276250
FArcXY 71.061750,67.176500,71.068250,67.276250,-1
FLineXY 67.274750,67.422500
FArcXY 67.168250,67.322750,67.268250,67.322750,0
FLineXY 67.168250,67.299500
ArcXY 67.168250,67.299500,65.668250,67.299500,-1
ArcXY 67.168250,67.299500,65.668250,67.299500,-1
FLineXY 67.168250,67.169500
FArcXY 67.368250,67.169500,67.268250,67.169500,0
FLineXY 67.368250,71.429500
FArcXY 67.168250,71.429500,67.268250,71.429500,0
FLineXY 67.168250,71.299500
ArcXY 67.168250,71.299500,65.668250,71.299500,-1
ArcXY 67.168250,71.299500,65.668250,71.299500,-1
FLineXY 67.168250,71.276250
FArcXY 67.274750,71.176500,67.268250,71.276250,0
FLineXY 71.061750,71.422500
FArcXY 71.168250,71.322750,71.068250,71.322750,-1
FLineXY 71.168250,71.299500
ArcXY 71.168250,71.299500,69.668250,71.299500,-1
ArcXY 71.168250,71.299500,69.668250,71.299500,-1
FLineXY 71.168250,71.276250
FArcXY 71.274750,71.176500,71.268250,71.276250,0
FLineXY 75.061750,71.422500
FArcXY 75.168250,71.322750,75.068250,71.322750,-1
FLineXY 75.168250,71.299500
ArcXY 75.168250,71.299500,73.668250,71.299500,-1
ArcXY 75.168250,71.299500,73.668250,71.299500,-1
FLineXY 75.168250,71.276250
FArcXY 75.274750,71.176500,75.268250,71.276250,0
FLineXY 79.061750,71.422500
FArcXY 79.168250,71.322750,79.068250,71.322750,-1
FLineXY 79.168250,71.299500
ArcXY 79.168250,71.299500,77.668250,71.299500,-1
ArcXY 79.168250,71.299500,77.668250,71.299500,-1
FLineXY 79.168250,71.276250
FArcXY 79.274750,71.176500,79.268250,71.276250,0
FLineXY 83.061750,71.422500
FArcXY 83.168250,71.322750,83.068250,71.322750,-1
FLineXY 83.168250,71.299500
ArcXY 83.168250,71.299500,81.668250,71.299500,-1
ArcXY 83.168250,71.299500,81.668250,71.299500,-1
FLineXY 83.168250,71.276250
FArcXY 83.274750,71.176500,83.268250,71.276250,0
FLineXY 87.061750,71.422500
FArcXY 87.168250,71.322750,87.068250,71.322750,-1
FLineXY 87.168250,71.299500
ArcXY 87.168250,71.299500,85.668250,71.299500,-1
ArcXY 87.168250,71.299500,85.668250,71.299500,-1
FLineXY 87.168250,71.276250
FArcXY 87.274750,71.176500,87.268250,71.276250,0
FLineXY 91.061750,71.422500
FArcXY 91.168250,71.322750,91.068250,71.322750,-1
FLineXY 91.168250,71.299500
ArcXY 91.168250,71.299500,89.668250,71.299500,-1
ArcXY 91.168250,71.299500,89.668250,71.299500,-1
FLineXY 91.168250,71.276250
FArcXY 91.274750,71.176500,91.268250,71.276250,0
FLineXY 95.061750,71.422500
FArcXY 95.168250,71.322750,95.068250,71.322750,-1
FLineXY 95.168250,71.299500
ArcXY 95.168250,71.299500,93.668250,71.299500,-1
ArcXY 95.168250,71.299500,93.668250,71.299500,-1
FLineXY 95.168250,71.276250
FArcXY 95.274750,71.176500,95.268250,71.276250,0
FLineXY 99.061750,71.422500
FArcXY 99.168250,71.322750,99.068250,71.322750,-1
FLineXY 99.168250,71.299500
ArcXY 99.168250,71.299500,97.668250,71.299500,-1
ArcXY 99.168250,71.299500,97.668250,71.299500,-1
FLineXY 99.168250,71.276250
FArcXY 99.274750,71.176500,99.268250,71.276250,0
FLineXY 103.061750,71.422500
FArcXY 103.168250,71.322750,103.068250,71.322750,-1
FLineXY 103.168250,71.299500
ArcXY 103.168250,71.299500,101.668250,71.299500,-1
ArcXY 103.168250,71.299500,101.668250,71.299500,-1
FLineXY 103.168250,71.169500
FArcXY 103.368250,71.169500,103.268250,71.169500,0
FLineXY 103.368250,75.429500
FArcXY 103.168250,75.429500,103.268250,75.429500,0
FLineXY 103.168250,75.299500
ArcXY 103.168250,75.299500,101.668250,75.299500,-1
ArcXY 103.168250,75.299500,101.668250,75.299500,-1
FLineXY 103.168250,75.276250
FArcXY 103.061750,75.176500,103.068250,75.276250,-1
FLineXY 99.274750,75.422500
FArcXY 99.168250,75.322750,99.268250,75.322750,0
FLineXY 99.168250,75.299500
ArcXY 99.168250,75.299500,97.668250,75.299500,-1
ArcXY 99.168250,75.299500,97.668250,75.299500,-1
FLineXY 99.168250,75.276250
FArcXY 99.061750,75.176500,99.068250,75.276250,-1
FLineXY 95.274750,75.422500
FArcXY 95.168250,75.322750,95.268250,75.322750,0
FLineXY 95.168250,75.299500
ArcXY 95.168250,75.299500,93.668250,75.299500,-1
ArcXY 95.168250,75.299500,93.668250,75.299500,-1
FLineXY 95.168250,75.276250
FArcXY 95.061750,75.176500,95.068250,75.276250,-1
FLineXY 91.274750,75.422500
FArcXY 91.168250,75.322750,91.268250,75.322750,0
FLineXY 91.168250,75.299500
ArcXY 91.168250,75.299500,89.668250,75.299500,-1
ArcXY 91.168250,75.299500,89.668250,75.299500,-1
FLineXY 91.168250,75.276250
FArcXY 91.061750,75.176500,91.068250,75.276250,-1
FLineXY 87.274750,75.422500
FArcXY 87.168250,75.322750,87.268250,75.322750,0
FLineXY 87.168250,75.299500
ArcXY 87.168250,75.299500,85.668250,75.299500,-1
ArcXY 87.168250,75.299500,85.668250,75.299500,-1
FLineXY 87.168250,75.276250
FArcXY 87.061750,75.176500,87.068250,75.276250,-1
FLineXY 83.274750,75.422500
FArcXY 83.168250,75.322750,83.268250,75.322750,0
FLineXY 83.168250,75.299500
ArcXY 83.168250,75.299500,81.668250,75.299500,-1
ArcXY 83.168250,75.299500,81.668250,75.299500,-1
FLineXY 83.168250,75.276250
FArcXY 83.061750,75.176500,83.068250,75.276250,-1
FLineXY 79.274750,75.422500
FArcXY 79.168250,75.322750,79.268250,75.322750,0
FLineXY 79.168250,75.299500
ArcXY 79.168250,75.299500,77.668250,75.299500,-1
ArcXY 79.168250,75.299500,77.668250,75.299500,-1
FLineXY 79.168250,75.276250
FArcXY 79.061750,75.176500,79.068250,75.276250,-1
FLineXY 75.274750,75.422500
FArcXY 75.168250,75.322750,75.268250,75.322750,0
FLineXY 75.168250,75.299500
ArcXY 75.168250,75.299500,73.668250,75.299500,-1
ArcXY 75.168250,75.299500,73.668250,75.299500,-1
FLineXY 75.168250,75.276250
FArcXY 75.061750,75.176500,75.068250,75.276250,-1
FLineXY 71.274750,75.422500
FArcXY 71.168250,75.322750,71.268250,75.322750,0
FLineXY 71.168250,75.299500
ArcXY 71.168250,75.299500,69.668250,75.299500,-1
ArcXY 71.168250,75.299500,69.668250,75.299500,-1
FLineXY 71.168250,75.276250
FArcXY 71.061750,75.176500,71.068250,75.276250,-1
FLineXY 67.274750,75.422500
FArcXY 67.168250,75.322750,67.268250,75.322750,0
FLineXY 67.168250,75.299500
ArcXY 67.168250,75.299500,65.668250,75.299500,-1
ArcXY 67.168250,75.299500,65.668250,75.299500,-1
FLineXY 67.168250,75.169500
FArcXY 67.368250,75.169500,67.268250,75.169500,0
FLineXY 67.368250,79.429500
FArcXY 67.168250,79.429500,67.268250,79.429500,0
FLineXY 67.168250,79.299500
ArcXY 67.168250,79.299500,65.668250,79.299500,-1
ArcXY 67.168250,79.299500,65.668250,79.299500,-1
FLineXY 67.168250,79.276250
FArcXY 67.274750,79.176500,67.268250,79.276250,0
FLineXY 71.061750,79.422500
FArcXY 71.168250,79.322750,71.068250,79.322750,-1
FLineXY 71.168250,79.299500
ArcXY 71.168250,79.299500,69.668250,79.299500,-1
ArcXY 71.168250,79.299500,69.668250,79.299500,-1
FLineXY 71.168250,79.276250
FArcXY 71.274750,79.176500,71.268250,79.276250,0
FLineXY 75.061750,79.422500
FArcXY 75.168250,79.322750,75.068250,79.322750,-1
FLineXY 75.168250,79.299500
ArcXY 75.168250,79.299500,73.668250,79.299500,-1
ArcXY 75.168250,79.299500,73.668250,79.299500,-1
FLineXY 75.168250,79.276250
FArcXY 75.274750,79.176500,75.268250,79.276250,0
FLineXY 79.061750,79.422500
FArcXY 79.168250,79.322750,79.068250,79.322750,-1
FLineXY 79.168250,79.299500
ArcXY 79.168250,79.299500,77.668250,79.299500,-1
ArcXY 79.168250,79.299500,77.668250,79.299500,-1
FLineXY 79.168250,79.276250
FArcXY 79.274750,79.176500,79.268250,79.276250,0
FLineXY 83.061750,79.422500
FArcXY 83.168250,79.322750,83.068250,79.322750,-1
FLineXY 83.168250,79.299500
ArcXY 83.168250,79.299500,81.668250,79.299500,-1
ArcXY 83.168250,79.299500,81.668250,79.299500,-1
FLineXY 83.168250,79.276250
FArcXY 83.274750,79.176500,83.268250,79.276250,0
FLineXY 87.061750,79.422500
FArcXY 87.168250,79.322750,87.068250,79.322750,-1
FLineXY 87.168250,79.299500
ArcXY 87.168250,79.299500,85.668250,79.299500,-1
ArcXY 87.168250,79.299500,85.668250,79.299500,-1
FLineXY 87.168250,79.276250
FArcXY 87.274750,79.176500,87.268250,79.276250,0
FLineXY 91.061750,79.422500
FArcXY 91.168250,79.322750,91.068250,79.322750,-1
FLineXY 91.168250,79.299500
ArcXY 91.168250,79.299500,89.668250,79.299500,-1
ArcXY 91.168250,79.299500,89.668250,79.299500,-1
FLineXY 91.168250,79.276250
FArcXY 91.274750,79.176500,91.268250,79.276250,0
FLineXY 95.061750,79.422500
FArcXY 95.168250,79.322750,95.068250,79.322750,-1
FLineXY 95.168250,79.299500
ArcXY 95.168250,79.299500,93.668250,79.299500,-1
ArcXY 95.168250,79.299500,93.668250,79.299500,-1
FLineXY 95.168250,79.276250
FArcXY 95.274750,79.176500,95.268250,79.276250,0
FLineXY 99.061750,79.422500
FArcXY 99.168250,79.322750,99.068250,79.322750,-1
FLineXY 99.168250,79.299500
ArcXY 99.168250,79.299500,97.668250,79.299500,-1
ArcXY 99.168250,79.299500,97.668250,79.299500,-1
FLineXY 99.168250,79.276250
FArcXY 99.274750,79.176500,99.268250,79.276250,0
FLineXY 103.061750,79.422500
FArcXY 103.168250,79.322750,103.068250,79.322750,-1
FLineXY 103.168250,79.299500
ArcXY 103.168250,79.299500,101.668250,79.299500,-1
ArcXY 103.168250,79.299500,101.668250,79.299500,-1
FLineXY 103.168250,79.169500
FArcXY 103.368250,79.169500,103.268250,79.169500,0
FLineXY 103.368250,83.429500
FArcXY 103.168250,83.429500,103.268250,83.429500,0
FLineXY 103.168250,83.299500
ArcXY 103.168250,83.299500,101.668250,83.299500,-1
ArcXY 103.168250,83.299500,101.668250,83.299500,-1
FLineXY 103.168250,83.276250
FArcXY 103.061750,83.176500,103.068250,83.276250,-1
FLineXY 99.274750,83.422500
FArcXY 99.168250,83.322750,99.268250,83.322750,0
FLineXY 99.168250,83.299500
ArcXY 99.168250,83.299500,97.668250,83.299500,-1
ArcXY 99.168250,83.299500,97.668250,83.299500,-1
FLineXY 99.168250,83.276250
FArcXY 99.061750,83.176500,99.068250,83.276250,-1
FLineXY 95.274750,83.422500
FArcXY 95.168250,83.322750,95.268250,83.322750,0
FLineXY 95.168250,83.299500
ArcXY 95.168250,83.299500,93.668250,83.299500,-1
ArcXY 95.168250,83.299500,93.668250,83.299500,-1
FLineXY 95.168250,83.276250
FArcXY 95.061750,83.176500,95.068250,83.276250,-1
FLineXY 91.274750,83.422500
FArcXY 91.168250,83.322750,91.268250,83.322750,0
FLineXY 91.168250,83.299500
ArcXY 91.168250,83.299500,89.668250,83.299500,-1
ArcXY 91.168250,83.299500,89.668250,83.299500,-1
FLineXY 91.168250,83.276250
FArcXY 91.061750,83.176500,91.068250,83.276250,-1
FLineXY 87.274750,83.422500
FArcXY 87.168250,83.322750,87.268250,83.322750,0
FLineXY 87.168250,83.299500
ArcXY 87.168250,83.299500,85.668250,83.299500,-1
ArcXY 87.168250,83.299500,85.668250,83.299500,-1
FLineXY 87.168250,83.276250
FArcXY 87.061750,83.176500,87.068250,83.276250,-1
FLineXY 83.274750,83.422500
FArcXY 83.168250,83.322750,83.268250,83.322750,0
FLineXY 83.168250,83.299500
ArcXY 83.168250,83.299500,81.668250,83.299500,-1
ArcXY 83.168250,83.299500,81.668250,83.299500,-1
FLineXY 83.168250,83.276250
FArcXY 83.061750,83.176500,83.068250,83.276250,-1
FLineXY 79.274750,83.422500
FArcXY 79.168250,83.322750,79.268250,83.322750,0
FLineXY 79.168250,83.299500
ArcXY 79.168250,83.299500,77.668250,83.299500,-1
ArcXY 79.168250,83.299500,77.668250,83.299500,-1
FLineXY 79.168250,83.276250
FArcXY 79.061750,83.176500,79.068250,83.276250,-1
FLineXY 75.274750,83.422500
FArcXY 75.168250,83.322750,75.268250,83.322750,0
FLineXY 75.168250,83.299500
ArcXY 75.168250,83.299500,73.668250,83.299500,-1
ArcXY 75.168250,83.299500,73.668250,83.299500,-1
FLineXY 75.168250,83.276250
FArcXY 75.061750,83.176500,75.068250,83.276250,-1
FLineXY 71.274750,83.422500
FArcXY 71.168250,83.322750,71.268250,83.322750,0
FLineXY 71.168250,83.299500
ArcXY 71.168250,83.299500,69.668250,83.299500,-1
ArcXY 71.168250,83.299500,69.668250,83.299500,-1
FLineXY 71.168250,83.276250
FArcXY 71.061750,83.176500,71.068250,83.276250,-1
FLineXY 67.274750,83.422500
FArcXY 67.168250,83.322750,67.268250,83.322750,0
FLineXY 67.168250,83.299500
ArcXY 67.168250,83.299500,65.668250,83.299500,-1
ArcXY 67.168250,83.299500,65.668250,83.299500,-1
FLineXY 67.168250,83.169500
FArcXY 67.368250,83.169500,67.268250,83.169500,0
FLineXY 67.368250,87.429500
FArcXY 67.168250,87.429500,67.268250,87.429500,0
FLineXY 67.168250,87.299500
ArcXY 67.168250,87.299500,65.668250,87.299500,-1
ArcXY 67.168250,87.299500,65.668250,87.299500,-1
FLineXY 67.168250,87.276250
FArcXY 67.274750,87.176500,67.268250,87.276250,0
FLineXY 71.061750,87.422500
FArcXY 71.168250,87.322750,71.068250,87.322750,-1
FLineXY 71.168250,87.299500
ArcXY 71.168250,87.299500,69.668250,87.299500,-1
ArcXY 71.168250,87.299500,69.668250,87.299500,-1
FLineXY 71.168250,87.276250
FArcXY 71.274750,87.176500,71.268250,87.276250,0
FLineXY 75.061750,87.422500
FArcXY 75.168250,87.322750,75.068250,87.322750,-1
FLineXY 75.168250,87.299500
ArcXY 75.168250,87.299500,73.668250,87.299500,-1
ArcXY 75.168250,87.299500,73.668250,87.299500,-1
FLineXY 75.168250,87.276250
FArcXY 75.274750,87.176500,75.268250,87.276250,0
FLineXY 79.061750,87.422500
FArcXY 79.168250,87.322750,79.068250,87.322750,-1
FLineXY 79.168250,87.299500
ArcXY 79.168250,87.299500,77.668250,87.299500,-1
ArcXY 79.168250,87.299500,77.668250,87.299500,-1
FLineXY 79.168250,87.276250
FArcXY 79.274750,87.176500,79.268250,87.276250,0
FLineXY 83.061750,87.422500
FArcXY 83.168250,87.322750,83.068250,87.322750,-1
FLineXY 83.168250,87.299500
ArcXY 83.168250,87.299500,81.668250,87.299500,-1
ArcXY 83.168250,87.299500,81.668250,87.299500,-1
FLineXY 83.168250,87.276250
FArcXY 83.274750,87.176500,83.268250,87.276250,0
FLineXY 87.061750,87.422500
FArcXY 87.168250,87.322750,87.068250,87.322750,-1
FLineXY 87.168250,87.299500
ArcXY 87.168250,87.299500,85.668250,87.299500,-1
ArcXY 87.168250,87.299500,85.668250,87.299500,-1
FLineXY 87.168250,87.276250
FArcXY 87.274750,87.176500,87.268250,87.276250,0
FLineXY 91.061750,87.422500
FArcXY 91.168250,87.322750,91.068250,87.322750,-1
FLineXY 91.168250,87.299500
ArcXY 91.168250,87.299500,89.668250,87.299500,-1
ArcXY 91.168250,87.299500,89.668250,87.299500,-1
FLineXY 91.168250,87.276250
FArcXY 91.274750,87.176500,91.268250,87.276250,0
FLineXY 95.061750,87.422500
FArcXY 95.168250,87.322750,95.068250,87.322750,-1
FLineXY 95.168250,87.299500
ArcXY 95.168250,87.299500,93.668250,87.299500,-1
ArcXY 95.168250,87.299500,93.668250,87.299500,-1
FLineXY 95.168250,87.276250
FArcXY 95.274750,87.176500,95.268250,87.276250,0
FLineXY 99.061750,87.422500
FArcXY 99.168250,87.322750,99.068250,87.322750,-1
FLineXY 99.168250,87.299500
ArcXY 99.168250,87.299500,97.668250,87.299500,-1
ArcXY 99.168250,87.299500,97.668250,87.299500,-1
FLineXY 99.168250,87.276250
FArcXY 99.274750,87.176500,99.268250,87.276250,0
FLineXY 103.061750,87.422500
FArcXY 103.168250,87.322750,103.068250,87.322750,-1
FLineXY 103.168250,87.299500
ArcXY 103.168250,87.299500,101.668250,87.299500,-1
ArcXY 103.168250,87.299500,101.668250,87.299500,-1
FLineXY 103.168250,87.169500
FArcXY 103.368250,87.169500,103.268250,87.169500,0
FLineXY 103.368250,91.429500
FArcXY 103.168250,91.429500,103.268250,91.429500,0
FLineXY 103.168250,91.299500
ArcXY 103.168250,91.299500,101.668250,91.299500,-1
ArcXY 103.168250,91.299500,101.668250,91.299500,-1
FLineXY 103.168250,91.276250
FArcXY 103.061750,91.176500,103.068250,91.276250,-1
FLineXY 99.274750,91.422500
FArcXY 99.168250,91.322750,99.268250,91.322750,0
FLineXY 99.168250,91.299500
ArcXY 99.168250,91.299500,97.668250,91.299500,-1
ArcXY 99.168250,91.299500,97.668250,91.299500,-1
FLineXY 99.168250,91.276250
FArcXY 99.061750,91.176500,99.068250,91.276250,-1
FLineXY 95.274750,91.422500
FArcXY 95.168250,91.322750,95.268250,91.322750,0
FLineXY 95.168250,91.299500
ArcXY 95.168250,91.299500,93.668250,91.299500,-1
ArcXY 95.168250,91.299500,93.668250,91.299500,-1
FLineXY 95.168250,91.276250
FArcXY 95.061750,91.176500,95.068250,91.276250,-1
FLineXY 91.274750,91.422500
FArcXY 91.168250,91.322750,91.268250,91.322750,0
FLineXY 91.168250,91.299500
ArcXY 91.168250,91.299500,89.668250,91.299500,-1
ArcXY 91.168250,91.299500,89.668250,91.299500,-1
FLineXY 91.168250,91.276250
FArcXY 91.061750,91.176500,91.068250,91.276250,-1
FLineXY 87.274750,91.422500
FArcXY 87.168250,91.322750,87.268250,91.322750,0
FLineXY 87.168250,91.299500
ArcXY 87.168250,91.299500,85.668250,91.299500,-1
ArcXY 87.168250,91.299500,85.668250,91.299500,-1
FLineXY 87.168250,91.276250
FArcXY 87.061750,91.176500,87.068250,91.276250,-1
FLineXY 83.274750,91.422500
FArcXY 83.168250,91.322750,83.268250,91.322750,0
FLineXY 83.168250,91.299500
ArcXY 83.168250,91.299500,81.668250,91.299500,-1
ArcXY 83.168250,91.299500,81.668250,91.299500,-1
FLineXY 83.168250,91.276250
FArcXY 83.061750,91.176500,83.068250,91.276250,-1
FLineXY 79.274750,91.422500
FArcXY 79.168250,91.322750,79.268250,91.322750,0
FLineXY 79.168250,91.299500
ArcXY 79.168250,91.299500,77.668250,91.299500,-1
ArcXY 79.168250,91.299500,77.668250,91.299500,-1
FLineXY 79.168250,91.276250
FArcXY 79.061750,91.176500,79.068250,91.276250,-1
FLineXY 75.274750,91.422500
FArcXY 75.168250,91.322750,75.268250,91.322750,0
FLineXY 75.168250,91.299500
ArcXY 75.168250,91.299500,73.668250,91.299500,-1
ArcXY 75.168250,91.299500,73.668250,91.299500,-1
FLineXY 75.168250,91.276250
FArcXY 75.061750,91.176500,75.068250,91.276250,-1
FLineXY 71.274750,91.422500
FArcXY 71.168250,91.322750,71.268250,91.322750,0
FLineXY 71.168250,91.299500
ArcXY 71.168250,91.299500,69.668250,91.299500,-1
ArcXY 71.168250,91.299500,69.668250,91.299500,-1
FLineXY 71.168250,91.276250
FArcXY 71.061750,91.176500,71.068250,91.276250,-1
FLineXY 67.274750,91.422500
FArcXY 67.168250,91.322750,67.268250,91.322750,0
FLineXY 67.168250,91.299500
ArcXY 67.168250,91.299500,65.668250,91.299500,-1
ArcXY 67.168250,91.299500,65.668250,91.299500,-1
End
